0.0462156971152773
0.0300750477385526
0.060129377572936
0.0666506501569938
0.0621374741907052
0.0488192641852639
0.00741855250737725
0.0854916059729308
0.0114274224073909
0.0417756198606381
0.174578773475068
0.0435344499179496
0.0286736378658475
0.127842858438919
0.044823983869669
0.1555753863349
0.0455727029887661
0.00848005572654664
0.00841382960500887
0.147488904619941
0.0120594569732183
0.0210206780709656
0.00532952141401667
0.00387280292397632
0.0628035247739381
0.138298728188264
0.0732984004409964
0.234724315221295
0.0265210925456679
0.175040800802042
0.244976073607569
0.00803781392840733
0.0073831159125664
0.0436830178832055
0.0776487137910705
0.128460386891209
0.0415050761308586
0.131827660416738
0.00244626668429235
0.0201866806967373
0.0140804393242102
0.00891425778126687
0.172267871093177
0.00562651291110467
0.0722212044877231
0.164365942717879
0.0395497290080682
0.00438329716142359
0.00931294461456435
0.00283659961086148
0.00410836669622308
0.0060688250058126
0.0148489514052061
0.00317276786548349
0.0149220019453238
0.121020931520382
0.0164188953799825
0.00491287943613758
0.0168688006800107
0.0120308971405615
0.00576218350169122
0.0152480776122521
0.00309505803123028
0.0958925087171305
0.187813332373803
0.0770567283246232
0.206480286970766
0.00491321509850281
0.00412667552173935
0.00752415685261205
0.0425496269481448
0.212330093417093
0.00511427073723394
0.0133371956220212
0.0579362094494086
0.00572547547892586
0.045452404960722
0.00402023545476934
0.00339874335108645
0.215015767984616
0.0047570608220445
0.00326890849729212
0.171826025994568
0.0735390399724929
0.170836191621617
0.0413286083142781
0.00583732877289004
0.0278273326767744
0.00658454742479349
0.0112398304047135
0.00756120464853094
0.217871007281292
0.0752683416561573
0.228977529185592
0.00582259796318846
0.0581557757333477
0.00652177649413026
0.00979879111467672
0.00618626194964319
0.00498630297669963
0.1193414206591
0.163762502516607
0.0640769743478688
0.151712726891369
0.166458864396618
0.0326681234520568
0.00574230985381466
0.00604384933538138
0.0467924002056506
0.00902489958559943
0.0751047429241347
0.0101894756325295
0.0114683514345707
0.00865131198212385
0.111743271620103
0.0848962730909796
0.157744302459082
0.155163414878148
0.147086760403068
0.037093900576339
0.0621278049100826
0.0786559933647754
0.00990693714641532
0.231003517735827
0.181432167058095
0.0871218375577837
0.00911875248539248
0.0588047682721773
0.253118139923952
0.212993716634833
0.16693960535966
0.153708907927779
0.241751093797669
0.163689790818665
0.105176746343457
0.00745491677713503
0.00689459802683293
0.284166356204161
0.00839763902803903
0.265379567243503
0.0915914045850057
0.17737927986627
0.150512975401112
